0.1
0.1362
0.1756
0.1914
0.2079
0.2396
0.2562
0.2726
0.2813
0.2937
0.3044
0.3103
0.3179
0.33
0.3396
0.3487
0.3567
0.363
0.37
0.3761
0.3799
0.386
0.3881
0.3945
0.4017
0.4068
0.4126
0.4218
0.4267
0.4324
0.4399
0.4462
0.4505
0.4544
0.4606
0.4641
0.4686
0.4759
0.4799
0.4835
0.4893
0.4898
0.4966
0.4991
0.5033
0.5092
0.514
0.5135
0.5192
0.52
0.5215
0.5251
0.5234
0.5266
0.5265
0.5265
0.5294
0.5283
0.5341
0.5344
0.534
0.5352
0.5355
0.5338
0.5328
0.5305
0.533
0.5332
0.5299
0.533
0.5338
0.5345
0.5344
0.5376
0.5372
0.536
0.5379
0.5377
0.5355
0.5359
0.5373
0.5373
0.5349
0.537
0.5346
0.5382
0.5345
0.537
0.5372
0.5374
0.5405
0.5365
0.5375
0.5356
0.5394
0.5414
0.5348
0.5397
0.5391
0.5393
0.544