0.07982721495628356
0.07487512999773026
0.07138895082473755
0.07058357474207878
0.06890396481752396
0.06789352566003799
0.06787873071432114
0.06742520025372505
0.0660254941880703
0.06379024383425713
0.06248557177186013
0.061577558964490894
0.05940941300988197
0.05816338220238686
0.05646871893107891
0.057262038886547094
0.05533933882415295
0.05448362559080124
0.05472770541906357
0.05282363317906857
0.05238066452741623
0.052704079866409306
0.0514371672719717
0.05079892419278622
0.04987585701048374
0.05053125609457493
0.04921049878001213
0.04967245672643184
0.04871266169846058
0.04941216510534286
0.0481815679371357
0.047846077993512155
0.04845667803287506
0.0475215177834034
0.04704962372779846
0.046459533870220185
0.04823687881231308
0.04764124611020088
0.0462552677989006
0.04924363376200199
0.04815728940069675
0.04762589508295059
0.04766074519604444
0.04950956219434738
0.048733288988471034
0.04887920571863651
0.050889390423893927
0.05074012974649668
0.05243062005192042
0.05458912171050906
0.05131298933923245
0.053569438420236114
0.054142381131649014
0.058702629864215844
0.055474591162055734
0.058373886048793795
0.0572415481582284
0.056590513177216056
0.05830769118666649
0.06126048148795962
0.06052904556691646
0.061870040014386174
0.06103109690546989
0.06621139412373304
0.0641743312254548
0.063695428930223
0.06598267325758934
0.06475728284567595
0.06484560755267739
0.06562504574656486
0.06630147037655115
0.07044957883656025
0.06691766114532949
0.06621968938410283
0.06894484820216894
0.06522399549558758
0.07000943448394538
0.06993702080100775
0.0687375796586275
0.06954507573693991
0.07263592025637626
0.0690852466672659
0.0743642311245203
0.071816855981946
0.07125219089537858
0.0715954074561596
0.07606915650516749
0.07497020192444324
0.07092171733826398
0.07338461403548717
0.0766884000301361
0.07555058426409961
0.07514743488654493
0.07538155534118414
0.07480006744712592
0.07432769469916821
0.07782102842628956
0.07352742257714272
0.07865182565897703
0.08037614334374665

0.0721658754825592
0.0713776664018631
0.06690332309007645
0.06417711372375488
0.06256502130031585
0.06142861181497574
0.06049088590145111
0.05998669786453247
0.059236340510845184
0.058663244259357455
0.057056439459323885
0.055646951806545254
0.054281693816185
0.05304220826625824
0.05174466198682785
0.05079784717559815
0.04996613278388977
0.04932526023387909
0.048664036321640014
0.04838016020059586
0.04764782042503357
0.04688613308668137
0.04603903629779816
0.04554112411737442
0.045045218354463575
0.0446676450073719
0.04410182512402534
0.043734258514642715
0.04353853776454925
0.04315118107199669
0.04301962143778801
0.042796843951940534
0.042868454867601394
0.04216097515821457
0.04211986371278763
0.041596345633268354
0.041885663622617725
0.04170374519228935
0.0415385049700737
0.04157730052471161
0.04252262323498726
0.0424134397149086
0.04291953301429748
0.04273512588143349
0.04315134527087212
0.04389775984287262
0.04408606903553009
0.04443942077755928
0.044622633349895476
0.04490381144881248
0.04685361416935921
0.04662012967467308
0.04826592742800712
0.04861944802999497
0.05049842540025711
0.050327923220396045
0.05119540035128593
0.050584716898202896
0.05083127076625824
0.05136948569417
0.054155828166007995
0.05407011129260063
0.05406724330186844
0.05428207305669785
0.05617173676490784
0.0559783757686615
0.056256342554092405
0.05725812156796455
0.05724045457839966
0.056923973855376245
0.05839721838235855
0.05838055236935615
0.060552648103237156
0.059706841522455215
0.06007222407460213
0.0592423307955265
0.05929146822690964
0.060455702167749405
0.060506193965673444
0.059728514534235
0.06113313031792641
0.06182004417181015
0.06238802129626274
0.06270016266107559
0.06312053807079793
0.06369451422393323
0.06294141725301743
0.06375355596542358
0.06401176962256432
0.0639740953207016
0.06422299119830131
0.0653691795527935
0.06395684947371483
0.06495678824782372
0.0651252788245678
0.06563633642196655
0.06596198630928993
0.06737077674865723
0.06555816912055015
0.06605685821771622
0.06670101078152657
